SCurve_0
0
0.0
1
0.0
2
0.0
3
0.0
4
0.0
5
0.0
6
0.0
7
0.0
8
0.0
9
0.0
10
0.0
11
0.0
12
0.0
13
0.0
14
0.0
15
0.0
16
0.0
17
0.0
18
0.0
19
0.0
20
0.0
21
0.0
22
0.0
23
0.0
24
0.0
25
0.0
26
0.0
27
0.0
28
0.001
29
0.0
30
0.001
31
0.0
32
0.0
33
0.001
34
0.002
35
0.003
36
0.011
37
0.003
38
0.013
39
0.023
40
0.022
41
0.061
42
0.045
43
0.099
44
0.154
45
0.166
46
0.286
47
0.342
48
0.484
49
0.578
50
0.655
51
0.734
52
0.795
53
0.876
54
0.88
55
0.924
56
0.936
57
0.949
58
0.977
59
0.975
60
0.988
61
0.99
62
0.996
63
0.999
64
0.997
65
1.0
66
0.996
67
1.0
68
1.0
69
1.0
70
1.0
71
1.0
72
1.0
73
1.0
74
1.0
75
1.0
76
1.0
77
1.0
78
1.0
79
1.0
80
1.0
81
1.0
82
1.0
83
1.0
84
1.0
85
1.0
86
1.0
87
1.0
88
1.0
89
1.0
90
1.0
91
1.0
92
1.0
93
1.0
94
1.0
95
1.0
96
1.0
97
1.0
98
1.0
99
1.0
100
1.0
101
1.0
102
1.0
103
1.0
104
1.0
105
1.0
106
1.0
107
1.0
108
1.0
109
1.0
110
1.0
111
1.0
112
1.0
113
1.0
114
1.0
115
1.0
116
1.0
117
1.0
118
1.0
119
1.0
120
1.0
121
1.0
122
1.0
123
1.0
124
1.0
125
1.0
126
1.0
127
1.0
128
1.0
129
1.0
130
1.0
131
1.0
132
1.0
133
1.0
134
1.0
135
1.0
136
1.0
137
1.0
138
1.0
139
1.0
140
1.0
141
1.0
142
1.0
143
1.0
144
1.0
145
1.0
146
1.0
147
1.0
148
1.0
149
1.0
150
1.0
151
1.0
152
1.0
153
1.0
154
1.0
155
1.0
156
1.0
157
1.0
158
1.0
159
1.0
160
1.0
161
1.0
162
1.0
163
1.0
164
1.0
165
1.0
166
1.0
167
1.0
168
1.0
169
1.0
170
1.0
171
1.0
172
1.0
173
1.0
174
1.0
175
1.0
176
1.0
177
1.0
178
1.0
179
1.0
180
1.0
181
1.0
182
1.0
183
1.0
184
1.0
185
1.0
186
1.0
187
1.0
188
1.0
189
1.0
190
1.0
191
1.0
192
1.0
193
1.0
194
1.0
195
1.0
196
1.0
197
1.0
198
1.0
199
1.0
200
1.0
201
1.0
202
1.0
203
1.0
204
1.0
205
1.0
206
1.0
207
1.0
208
1.0
209
1.0
210
1.0
211
1.0
212
1.0
213
1.0
214
1.0
215
1.0
216
1.0
217
1.0
218
1.0
219
1.0
220
1.0
221
1.0
222
1.0
223
1.0
224
1.0
225
1.0
226
1.0
227
1.0
228
1.0
229
1.0
230
1.0
231
1.0
232
1.0
233
1.0
234
1.0
235
1.0
236
1.0
237
1.0
238
1.0
239
1.0
240
1.0
241
1.0
242
1.0
243
1.0
244
1.0
245
1.0
246
1.0
247
1.0
248
1.0
249
1.0
250
1.0
251
1.0
252
1.0
253
1.0
254
1.0
SCurve_1
0
0.0
1
0.0
2
0.0
3
0.0
4
0.0
5
0.0
6
0.0
7
0.0
8
0.0
9
0.0
10
0.0
11
0.0
12
0.0
13
0.0
14
0.0
15
0.0
16
0.0
17
0.0
18
0.0
19
0.0
20
0.0
21
0.0
22
0.0
23
0.0
24
0.0
25
0.0
26
0.0
27
0.0
28
0.0
29
0.0
30
0.0
31
0.0
32
0.0
33
0.0
34
0.001
35
0.0
36
0.003
37
0.003
38
0.003
39
0.006
40
0.008
41
0.01
42
0.009
43
0.023
44
0.013
45
0.029
46
0.053
47
0.03
48
0.078
49
0.078
50
0.11
51
0.199
52
0.19
53
0.304
54
0.341
55
0.461
56
0.582
57
0.643
58
0.758
59
0.76
60
0.845
61
0.86
62
0.897
63
0.92
64
0.913
65
0.946
66
0.943
67
0.959
68
0.962
69
0.96
70
0.968
71
0.973
72
0.977
73
0.979
74
0.982
75
0.986
76
0.985
77
0.989
78
0.992
79
0.996
80
0.998
81
0.996
82
0.999
83
0.998
84
1.0
85
0.998
86
1.0
87
1.0
88
1.0
89
1.0
90
1.0
91
1.0
92
1.0
93
1.0
94
1.0
95
1.0
96
1.0
97
1.0
98
1.0
99
1.0
100
1.0
101
1.0
102
1.0
103
1.0
104
1.0
105
1.0
106
1.0
107
1.0
108
1.0
109
1.0
110
1.0
111
1.0
112
1.0
113
1.0
114
1.0
115
1.0
116
1.0
117
1.0
118
1.0
119
1.0
120
1.0
121
1.0
122
1.0
123
1.0
124
1.0
125
1.0
126
1.0
127
1.0
128
1.0
129
1.0
130
1.0
131
1.0
132
1.0
133
1.0
134
1.0
135
1.0
136
1.0
137
1.0
138
1.0
139
1.0
140
1.0
141
1.0
142
1.0
143
1.0
144
1.0
145
1.0
146
1.0
147
1.0
148
1.0
149
1.0
150
1.0
151
1.0
152
1.0
153
1.0
154
1.0
155
1.0
156
1.0
157
1.0
158
1.0
159
1.0
160
1.0
161
1.0
162
1.0
163
1.0
164
1.0
165
1.0
166
1.0
167
1.0
168
1.0
169
1.0
170
1.0
171
1.0
172
1.0
173
1.0
174
1.0
175
1.0
176
1.0
177
1.0
178
1.0
179
1.0
180
1.0
181
1.0
182
1.0
183
1.0
184
1.0
185
1.0
186
1.0
187
1.0
188
1.0
189
1.0
190
1.0
191
1.0
192
1.0
193
1.0
194
1.0
195
1.0
196
1.0
197
1.0
198
1.0
199
1.0
200
1.0
201
1.0
202
1.0
203
1.0
204
1.0
205
1.0
206
1.0
207
1.0
208
1.0
209
1.0
210
1.0
211
1.0
212
1.0
213
1.0
214
1.0
215
1.0
216
1.0
217
1.0
218
1.0
219
1.0
220
1.0
221
1.0
222
1.0
223
1.0
224
1.0
225
1.0
226
1.0
227
1.0
228
1.0
229
1.0
230
1.0
231
1.0
232
1.0
233
1.0
234
1.0
235
1.0
236
1.0
237
1.0
238
1.0
239
1.0
240
1.0
241
1.0
242
1.0
243
1.0
244
1.0
245
1.0
246
1.0
247
1.0
248
1.0
249
1.0
250
1.0
251
1.0
252
1.0
253
1.0
254
1.0
SCurve_2
0
0.0
1
0.0
2
0.0
3
0.0
4
0.0
5
0.0
6
0.0
7
0.0
8
0.0
9
0.0
10
0.0
11
0.0
12
0.0
13
0.0
14
0.0
15
0.0
16
0.0
17
0.0
18
0.0
19
0.0
20
0.0
21
0.0
22
0.0
23
0.0
24
0.0
25
0.0
26
0.0
27
0.0
28
0.0
29
0.0
30
0.0
31
0.0
32
0.0
33
0.003
34
0.002
35
0.001
36
0.01
37
0.004
38
0.016
39
0.017
40
0.021
41
0.053
42
0.033
43
0.097
44
0.132
45
0.178
46
0.26
47
0.323
48
0.459
49
0.581
50
0.651
51
0.742
52
0.793
53
0.87
54
0.886
55
0.945
56
0.94
57
0.962
58
0.979
59
0.98
60
0.998
61
0.991
62
0.996
63
0.997
64
0.997
65
1.0
66
0.999
67
1.0
68
1.0
69
1.0
70
1.0
71
1.0
72
1.0
73
1.0
74
1.0
75
1.0
76
1.0
77
1.0
78
1.0
79
1.0
80
1.0
81
1.0
82
1.0
83
1.0
84
1.0
85
1.0
86
1.0
87
1.0
88
1.0
89
1.0
90
1.0
91
1.0
92
1.0
93
1.0
94
1.0
95
1.0
96
1.0
97
1.0
98
1.0
99
1.0
100
1.0
101
1.0
102
1.0
103
1.0
104
1.0
105
1.0
106
1.0
107
1.0
108
1.0
109
1.0
110
1.0
111
1.0
112
1.0
113
1.0
114
1.0
115
1.0
116
1.0
117
1.0
118
1.0
119
1.0
120
1.0
121
1.0
122
1.0
123
1.0
124
1.0
125
1.0
126
1.0
127
1.0
128
1.0
129
1.0
130
1.0
131
1.0
132
1.0
133
1.0
134
1.0
135
1.0
136
1.0
137
1.0
138
1.0
139
1.0
140
1.0
141
1.0
142
1.0
143
1.0
144
1.0
145
1.0
146
1.0
147
1.0
148
1.0
149
1.0
150
1.0
151
1.0
152
1.0
153
1.0
154
1.0
155
1.0
156
1.0
157
1.0
158
1.0
159
1.0
160
1.0
161
1.0
162
1.0
163
1.0
164
1.0
165
1.0
166
1.0
167
1.0
168
1.0
169
1.0
170
1.0
171
1.0
172
1.0
173
1.0
174
1.0
175
1.0
176
1.0
177
1.0
178
1.0
179
1.0
180
1.0
181
1.0
182
1.0
183
1.0
184
1.0
185
1.0
186
1.0
187
1.0
188
1.0
189
1.0
190
1.0
191
1.0
192
1.0
193
1.0
194
1.0
195
1.0
196
1.0
197
1.0
198
1.0
199
1.0
200
1.0
201
1.0
202
1.0
203
1.0
204
1.0
205
1.0
206
1.0
207
1.0
208
1.0
209
1.0
210
1.0
211
1.0
212
1.0
213
1.0
214
1.0
215
1.0
216
1.0
217
1.0
218
1.0
219
1.0
220
1.0
221
1.0
222
1.0
223
1.0
224
1.0
225
1.0
226
1.0
227
1.0
228
1.0
229
1.0
230
1.0
231
1.0
232
1.0
233
1.0
234
1.0
235
1.0
236
1.0
237
1.0
238
1.0
239
1.0
240
1.0
241
1.0
242
1.0
243
1.0
244
1.0
245
1.0
246
1.0
247
1.0
248
1.0
249
1.0
250
1.0
251
1.0
252
1.0
253
1.0
254
1.0
SCurve_3
0
0.001
1
0.0
2
0.0
3
0.0
4
0.0
5
0.0
6
0.0
7
0.0
8
0.0
9
0.0
10
0.0
11
0.0
12
0.0
13
0.0
14
0.0
15
0.0
16
0.0
17
0.0
18
0.0
19
0.0
20
0.0
21
0.0
22
0.001
23
0.0
24
0.002
25
0.003
26
0.003
27
0.004
28
0.005
29
0.006
30
0.007
31
0.013
32
0.015
33
0.013
34
0.016
35
0.018
36
0.016
37
0.018
38
0.019
39
0.02
40
0.019
41
0.02
42
0.02
43
0.022
44
0.019
45
0.036
46
0.032
47
0.028
48
0.048
49
0.042
50
0.086
51
0.113
52
0.127
53
0.215
54
0.249
55
0.378
56
0.45
57
0.56
58
0.662
59
0.738
60
0.811
61
0.851
62
0.878
63
0.914
64
0.926
65
0.95
66
0.953
67
0.967
68
0.971
69
0.973
70
0.978
71
0.977
72
0.978
73
0.979
74
0.982
75
0.983
76
0.986
77
0.989
78
0.991
79
0.996
80
0.994
81
0.997
82
0.998
83
0.999
84
0.999
85
1.0
86
0.999
87
1.0
88
1.0
89
1.0
90
1.0
91
1.0
92
1.0
93
1.0
94
1.0
95
1.0
96
1.0
97
1.0
98
1.0
99
1.0
100
1.0
101
1.0
102
1.0
103
1.0
104
1.0
105
1.0
106
1.0
107
1.0
108
1.0
109
1.0
110
1.0
111
1.0
112
1.0
113
1.0
114
1.0
115
1.0
116
1.0
117
1.0
118
1.0
119
1.0
120
1.0
121
1.0
122
1.0
123
1.0
124
1.0
125
1.0
126
1.0
127
1.0
128
1.0
129
1.0
130
1.0
131
1.0
132
1.0
133
1.0
134
1.0
135
1.0
136
1.0
137
1.0
138
1.0
139
1.0
140
1.0
141
1.0
142
1.0
143
1.0
144
1.0
145
1.0
146
1.0
147
1.0
148
1.0
149
1.0
150
1.0
151
1.0
152
1.0
153
1.0
154
1.0
155
1.0
156
1.0
157
1.0
158
1.0
159
1.0
160
1.0
161
1.0
162
1.0
163
1.0
164
1.0
165
1.0
166
1.0
167
1.0
168
1.0
169
1.0
170
1.0
171
1.0
172
1.0
173
1.0
174
1.0
175
1.0
176
1.0
177
1.0
178
1.0
179
1.0
180
1.0
181
1.0
182
1.0
183
1.0
184
1.0
185
1.0
186
1.0
187
1.0
188
1.0
189
1.0
190
1.0
191
1.0
192
1.0
193
1.0
194
1.0
195
1.0
196
1.0
197
1.0
198
1.0
199
1.0
200
1.0
201
1.0
202
1.0
203
1.0
204
1.0
205
1.0
206
1.0
207
1.0
208
1.0
209
1.0
210
1.0
211
1.0
212
1.0
213
1.0
214
1.0
215
1.0
216
1.0
217
1.0
218
1.0
219
1.0
220
1.0
221
1.0
222
1.0
223
1.0
224
1.0
225
1.0
226
1.0
227
1.0
228
1.0
229
1.0
230
1.0
231
1.0
232
1.0
233
1.0
234
1.0
235
1.0
236
1.0
237
1.0
238
1.0
239
1.0
240
1.0
241
1.0
242
1.0
243
1.0
244
1.0
245
1.0
246
1.0
247
1.0
248
1.0
249
1.0
250
1.0
251
1.0
252
1.0
253
1.0
254
1.0
SCurve_4
0
0.0
1
0.0
2
0.0
3
0.0
4
0.0
5
0.0
6
0.0
7
0.0
8
0.0
9
0.0
10
0.0
11
0.0
12
0.0
13
0.0
14
0.0
15
0.0
16
0.0
17
0.0
18
0.0
19
0.0
20
0.0
21
0.0
22
0.0
23
0.0
24
0.0
25
0.0
26
0.0
27
0.001
28
0.0
29
0.0
30
0.001
31
0.001
32
0.003
33
0.006
34
0.005
35
0.003
36
0.013
37
0.007
38
0.034
39
0.041
40
0.035
41
0.087
42
0.08
43
0.16
44
0.249
45
0.296
46
0.427
47
0.497
48
0.631
49
0.67
50
0.779
51
0.847
52
0.87
53
0.92
54
0.919
55
0.961
56
0.971
57
0.96
58
0.988
59
0.982
60
0.993
61
0.997
62
0.998
63
0.999
64
0.998
65
1.0
66
0.999
67
1.0
68
1.0
69
1.0
70
1.0
71
1.0
72
1.0
73
1.0
74
1.0
75
1.0
76
1.0
77
1.0
78
1.0
79
1.0
80
1.0
81
1.0
82
1.0
83
1.0
84
1.0
85
1.0
86
1.0
87
1.0
88
1.0
89
1.0
90
1.0
91
1.0
92
1.0
93
1.0
94
1.0
95
1.0
96
1.0
97
1.0
98
1.0
99
1.0
100
1.0
101
1.0
102
1.0
103
1.0
104
1.0
105
1.0
106
1.0
107
1.0
108
1.0
109
1.0
110
1.0
111
1.0
112
1.0
113
1.0
114
1.0
115
1.0
116
1.0
117
1.0
118
1.0
119
1.0
120
1.0
121
1.0
122
1.0
123
1.0
124
1.0
125
1.0
126
1.0
127
1.0
128
1.0
129
1.0
130
1.0
131
1.0
132
1.0
133
1.0
134
1.0
135
1.0
136
1.0
137
1.0
138
1.0
139
1.0
140
1.0
141
1.0
142
1.0
143
1.0
144
1.0
145
1.0
146
1.0
147
1.0
148
1.0
149
1.0
150
1.0
151
1.0
152
1.0
153
1.0
154
1.0
155
1.0
156
1.0
157
1.0
158
1.0
159
1.0
160
1.0
161
1.0
162
1.0
163
1.0
164
1.0
165
1.0
166
1.0
167
1.0
168
1.0
169
1.0
170
1.0
171
1.0
172
1.0
173
1.0
174
1.0
175
1.0
176
1.0
177
1.0
178
1.0
179
1.0
180
1.0
181
1.0
182
1.0
183
1.0
184
1.0
185
1.0
186
1.0
187
1.0
188
1.0
189
1.0
190
1.0
191
1.0
192
1.0
193
1.0
194
1.0
195
1.0
196
1.0
197
1.0
198
1.0
199
1.0
200
1.0
201
1.0
202
1.0
203
1.0
204
1.0
205
1.0
206
1.0
207
1.0
208
1.0
209
1.0
210
1.0
211
1.0
212
1.0
213
1.0
214
1.0
215
1.0
216
1.0
217
1.0
218
1.0
219
1.0
220
1.0
221
1.0
222
1.0
223
1.0
224
1.0
225
1.0
226
1.0
227
1.0
228
1.0
229
1.0
230
1.0
231
1.0
232
1.0
233
1.0
234
1.0
235
1.0
236
1.0
237
1.0
238
1.0
239
1.0
240
1.0
241
1.0
242
1.0
243
1.0
244
1.0
245
1.0
246
1.0
247
1.0
248
1.0
249
1.0
250
1.0
251
1.0
252
1.0
253
1.0
254
1.0
